1
-28974.5219994
2
-17477.9592762
3
-16901.1523733
4
-18256.6871076
5
-15346.599185
6
-11833.8748941
7
-10579.7786164
8
-6496.13526418
9
-13029.3027329
10
-9262.2866658
11
-7736.09490925
12
-7694.88057351
13
-5391.96898187
14
-7391.65128386
15
-9376.09085965
16
-12152.3736191
17
-9201.17103028
18
-12492.2858963
19
-11435.3559661
20
-12245.0437381
21
-8274.39298296
22
-9022.25242877
23
-8595.74405748
24
-7184.74103007
25
-5718.143556
26
-3924.11997026
27
-3222.39349658
28
-4392.43400903
29
-5115.97275515
30
-3043.10744065
31
-1897.36396359
32
-4033.2486846
33
-6056.38484046
34
-4515.25661979
35
-5461.2851141
36
-10074.3181989
37
-8414.25501239
38
-9217.68899214
39
-8878.27467883
40
-8931.09275046
41
-10625.8678749
42
-9392.75556828
43
-5727.26124644
44
-10012.1525479
45
-7988.31642681
46
-10724.0858645
47
-10134.7628626
48
-5097.21174314
49
-6222.30230094
50
-5600.58971882
51
-4936.26542585
52
-5422.19075482
53
-6428.99277906
54
-5536.82886198
55
-3767.35011881
56
-6390.58259556
57
-7648.34243977
58
-11083.9258876
59
-7237.14729801
60
-5226.32908936
61
-4303.369517
62
-1904.67082922
63
357.652165417
64
-3937.94617555
65
-4724.5402481
66
-4117.38665858
67
1122.83579116
68
-4823.31588655
69
-3764.08014411
70
-1853.04306777
71
-1336.329794
72
-265.335468726
73
-3009.29393468
74
-2726.68295517
75
-2736.75513514
76
-3425.67635303
77
-1350.57599584
78
-2985.07712128
79
-1587.79329693
80
-1239.88740835
81
-1119.93173398
82
1944.85272632
83
-1893.90721734
84
-944.971739529
85
-1046.88005852
86
-2155.09631187
87
341.670040855
88
-920.21382333
89
-2057.07482707
90
1586.86476926
91
-1720.2796133
92
476.156744534
93
-1409.39298019
94
-934.554383488
95
-1684.54488919
96
447.434341967
97
-2280.0560144
98
-1615.39725253
99
-2194.90416807
100
-2167.62572351
101
-2189.89909156
102
-3886.27938015
103
-1225.90017077
104
-1422.05157538
105
-1737.27757572
106
-2165.24053802
107
-416.089226629
108
-145.250478774
109
-827.388690539
110
-1126.31260697
111
581.694075229
112
-426.238568438
113
-684.482109446
114
-1954.29091396
115
-882.204298396
116
-1189.12566287
117
692.828521669
118
-311.733469289
119
-760.132572491
120
455.474231583
121
-639.981275237
122
-728.826448721
123
530.150400457
124
-1550.33203002
125
-365.156534825
126
617.63968522
127
-321.121861079
128
144.122556537
129
42.3271536436
130
333.299439653
131
-41.0170537133
132
407.545856667
133
-265.285926025
134
-388.907221407
135
-57.7969158375
136
-653.973005074
137
-503.39287473
138
759.881662297
139
406.18894352
140
254.358052205
141
343.158106134
142
233.894768573
143
765.449453103
144
69.8783651673
145
604.677091934
146
-115.88709368
147
-727.802909494
148
-38.1913471126
149
-57.1721855856
150
-360.572088855
151
-507.339939882
152
-106.407580839
153
341.190487315
154
-520.742932454
155
-748.188763414
156
459.694367284
157
-673.39533896
158
526.123708828
159
607.896060118
160
-133.785481165
161
1027.69685479
162
54.1917587273
163
-142.146124558
164
-251.914216268
165
779.639805802
166
575.807183702
167
-202.46010388
168
292.439606332
169
377.365784197
170
-298.598416765
171
688.584167158
172
321.839485465
173
-180.684603635
174
302.231869248
175
515.623856965
176
-279.580093498
177
-473.593975006
178
-515.059539119
179
-164.233691594
180
1021.29221621
181
-428.878023715
182
705.921411231
183
728.659394841
184
-212.406654817
185
193.011371586
186
478.878731656
187
432.902062307
188
426.116913561
189
-246.167604954
190
504.129585853
191
-272.784681512
192
-199.949246656
193
666.650742662
194
107.283729371
195
-77.9485536779
196
-322.213781018
197
137.986109169
198
150.096499371
199
-162.902520545
200
440.268344573
