1
-0.22159887798
2
-0.223034734918
3
-0.207885304659
4
-0.260223048327
5
-0.246913580247
6
-0.26746506986
7
-0.269076305221
8
-0.193321616872
9
-0.179445350734
10
-0.254473161034
11
-0.270707070707
12
-0.241245136187
13
-0.172043010753
14
-0.189964157706
15
-0.279749478079
16
-0.248091603053
17
-0.204007285974
18
-0.202443280977
19
-0.280230326296
20
-0.237037037037
21
-0.236893203883
22
-0.224264705882
23
-0.239685658153
24
-0.163992869875
25
-0.145395799677
26
-0.18045112782
27
-0.123076923077
28
-0.118043844857
29
-0.229323308271
30
-0.0985691573927
31
-0.0353260869565
32
-0.140540540541
33
-0.217213114754
34
-0.119089316988
35
-0.19209039548
36
-0.232638888889
37
-0.218253968254
38
-0.216911764706
39
-0.221797323136
40
-0.221374045802
41
-0.194398682043
42
-0.272373540856
43
-0.148026315789
44
-0.24380952381
45
-0.239852398524
46
-0.226148409894
47
-0.214532871972
48
-0.0928270042194
49
-0.226345083488
50
-0.180831826401
51
-0.151898734177
52
-0.168384879725
53
-0.194139194139
54
-0.231884057971
55
-0.0851063829787
56
-0.219696969697
57
-0.220532319392
58
-0.212624584718
59
-0.153571428571
60
-0.155202821869
61
-0.118032786885
62
-0.174757281553
63
0.00594353640416
64
-0.164102564103
65
-0.153043478261
66
-0.166975881262
67
0.0461329715061
68
-0.179487179487
69
-0.113385826772
70
-0.077519379845
71
-0.0704
72
-0.014409221902
73
-0.129032258065
74
-0.16247582205
75
-0.123924268503
76
-0.246520874751
77
-0.102915951973
78
-0.112054329372
79
-0.0881834215168
80
-0.0968858131488
81
-0.0390977443609
82
0.101123595506
83
-0.136602451839
84
-0.122302158273
85
-0.181818181818
86
-0.175438596491
87
0.0135501355014
88
-0.0883392226148
89
-0.114942528736
90
0.0634920634921
91
-0.112956810631
92
0.0278164116829
93
-0.185185185185
94
-0.0819672131148
95
-0.0971786833856
96
0.0282087447109
97
-0.127272727273
98
-0.102310231023
99
-0.107826086957
100
-0.148760330579
101
-0.153846153846
102
-0.198130841121
103
-0.117850953206
104
-0.122082585278
105
-0.157342657343
106
-0.17004048583
107
-0.0148367952522
108
-0.00576368876081
109
-0.0816993464052
110
-0.102819237148
111
0.0535966149506
112
-0.0737018425461
113
-0.0736842105263
114
-0.133790737564
115
-0.0603174603175
116
-0.141560798548
117
0.0456490727532
118
-0.0642978003384
119
-0.0496124031008
120
0.056338028169
121
-0.0645161290323
122
-0.0763888888889
123
0.0384047267356
124
-0.137457044674
125
-0.0345368916797
126
0.0542986425339
127
-0.0532915360502
128
0.00578034682081
129
0.00555555555556
130
0.010989010989
131
0.00568990042674
132
0.0389429763561
133
-0.0148588410104
134
-0.0426829268293
135
-0.00609756097561
136
-0.0516717325228
137
-0.0655737704918
138
0.0624113475177
139
0.0526315789474
140
0.0322580645161
141
0.0555555555556
142
0.00597014925373
143
0.0632183908046
144
0.00557103064067
145
0.0529986052999
146
-0.0142857142857
147
-0.0960548885077
148
0.00577200577201
149
-0.0148588410104
150
-0.0655172413793
151
-0.0651465798046
152
-0.00569800569801
153
0.0463096960926
154
-0.0587326120556
155
-0.12734082397
156
0.0364145658263
157
-0.111111111111
158
0.0813953488372
159
0.0534458509142
160
-0.0148148148148
161
0.0944669365722
162
0.00580551523948
163
-0.00596125186289
164
-0.0328358208955
165
0.0733695652174
166
0.0817518248175
167
-0.0342679127726
168
0.063309352518
169
0.036312849162
170
-0.044233807267
171
0.10635155096
172
0.0307692307692
173
-0.0243902439024
174
0.0308988764045
175
0.116766467066
176
-0.023988005997
177
-0.0524590163934
178
-0.0925619834711
179
-0.0145348837209
180
0.0967741935484
181
-0.0204379562044
182
0.063768115942
183
0.137142857143
184
-0.085910652921
185
0.0140056022409
186
0.0463768115942
187
0.0636758321274
188
0.045584045584
189
-0.0139275766017
190
0.0406386066763
191
-0.0438184663537
192
-0.072131147541
193
0.098981077147
194
0.00539811066127
195
-0.00583090379009
196
-0.0766550522648
197
0.0221606648199
198
0.0229226361032
199
-0.0341085271318
200
0.0601092896175
