1
0
2
0
3
0
4
0
5
0
6
0
7
0
8
0
9
0
10
0
11
0
12
0
13
0
14
0
15
0
16
0
17
0
18
0
19
0
20
0
21
0
22
0
23
0
24
0
25
0
26
0
27
0
28
0
29
0
30
0
31
0
32
0
33
0
34
0
35
0
36
0
37
0
38
0
39
0
40
0
41
0
42
0
43
0
44
0
45
0
46
0
47
0
48
0
49
0
50
0
51
0
52
0
53
0
54
0
55
0
56
0
57
0
58
0
59
0
60
0
61
0
62
0
63
1
64
1
65
1
66
1
67
2
68
2
69
2
70
2
71
2
72
2
73
2
74
2
75
2
76
2
77
2
78
2
79
2
80
2
81
2
82
3
83
3
84
3
85
3
86
3
87
4
88
4
89
4
90
5
91
5
92
6
93
6
94
6
95
6
96
7
97
7
98
7
99
7
100
7
101
7
102
7
103
7
104
7
105
7
106
7
107
7
108
7
109
7
110
7
111
8
112
8
113
8
114
8
115
8
116
8
117
9
118
9
119
9
120
10
121
10
122
10
123
11
124
11
125
11
126
12
127
12
128
13
129
14
130
15
131
16
132
17
133
17
134
17
135
17
136
17
137
17
138
18
139
19
140
20
141
21
142
22
143
23
144
24
145
25
146
25
147
25
148
26
149
26
150
26
151
26
152
26
153
27
154
27
155
27
156
28
157
28
158
29
159
30
160
30
161
31
162
32
163
32
164
32
165
33
166
34
167
34
168
35
169
36
170
36
171
37
172
38
173
38
174
39
175
40
176
40
177
40
178
40
179
40
180
41
181
41
182
42
183
43
184
43
185
44
186
45
187
46
188
47
189
47
190
48
191
48
192
48
193
49
194
50
195
50
196
50
197
51
198
52
199
52
200
53
